{
  "advancedEditorSelectedIdentifier" : "ProjectBrowser",
  "openSceneRelativePaths" : [
    "scenes\/volume.usda"
  ],
  "recentIdentifiers" : {

  },
  "sceneCameraHistory" : {
    "23351D64-1CDF-4EB2-8C02-DE1BC17E85B5" : [
      {
        "date" : 743184963.342046,
        "title" : "Untitled",
        "transform" : [
          0.9869621,
          8.310877e-05,
          0.16095306,
          0,
          0.08146134,
          0.8622059,
          -0.4999651,
          0,
          -0.13881621,
          0.506558,
          0.8509577,
          0,
          -0.27649748,
          0.1120421,
          0.3590154,
          1
        ]
      },
      {
        "date" : 743184950.057578,
        "title" : "Untitled",
        "transform" : [
          0.9869621,
          8.310877e-05,
          0.16095306,
          0,
          0.08146134,
          0.8622059,
          -0.4999651,
          0,
          -0.13881621,
          0.506558,
          0.8509577,
          0,
          -0.18850362,
          0.4429342,
          1.0712745,
          1
        ]
      },
      {
        "date" : 743184929.468304,
        "title" : "Untitled",
        "transform" : [
          0.9869621,
          8.310877e-05,
          0.16095306,
          0,
          0.08146134,
          0.8622059,
          -0.4999651,
          0,
          -0.13881621,
          0.506558,
          0.8509577,
          0,
          -0.27921915,
          0.11998901,
          0.37093937,
          1
        ]
      },
      {
        "date" : 743184917.458665,
        "title" : "Untitled",
        "transform" : [
          0.9869621,
          8.310877e-05,
          0.16095306,
          0,
          0.08146134,
          0.8622059,
          -0.4999651,
          0,
          -0.13881621,
          0.506558,
          0.8509577,
          0,
          -0.27133873,
          0.03464858,
          0.33421215,
          1
        ]
      },
      {
        "date" : 743184886.82595,
        "title" : "Untitled",
        "transform" : [
          0.9869621,
          8.310877e-05,
          0.16095306,
          0,
          0.08146134,
          0.8622059,
          -0.4999651,
          0,
          -0.13881621,
          0.506558,
          0.8509577,
          0,
          -0.26902607,
          0.030309116,
          0.3209954,
          1
        ]
      },
      {
        "date" : 743184867.630982,
        "title" : "Untitled",
        "transform" : [
          0.9869621,
          8.310877e-05,
          0.16095306,
          0,
          0.08146134,
          0.8622059,
          -0.4999651,
          0,
          -0.13881621,
          0.506558,
          0.8509577,
          0,
          -0.26902604,
          0.030309081,
          0.32099533,
          1
        ]
      },
      {
        "date" : 743184865.754574,
        "title" : "Untitled",
        "transform" : [
          0.9869621,
          8.310877e-05,
          0.16095306,
          0,
          0.08146134,
          0.8622059,
          -0.4999651,
          0,
          -0.13881621,
          0.506558,
          0.8509577,
          0,
          -0.21121827,
          0.49410722,
          1.1450955,
          1
        ]
      },
      {
        "date" : 743184843.500944,
        "title" : "Untitled",
        "transform" : [
          0.9869621,
          8.311249e-05,
          0.16095306,
          0,
          0.08146133,
          0.8622059,
          -0.4999651,
          0,
          -0.13881621,
          0.506558,
          0.8509577,
          0,
          -0.26892442,
          0.030013002,
          0.32069525,
          1
        ]
      },
      {
        "date" : 743184831.171004,
        "title" : "Untitled",
        "transform" : [
          0.9869621,
          8.311994e-05,
          0.16095306,
          0,
          0.081461325,
          0.8622059,
          -0.4999651,
          0,
          -0.13881621,
          0.506558,
          0.8509577,
          0,
          -0.29950377,
          0.20557636,
          0.50162494,
          1
        ]
      },
      {
        "date" : 743184828.117159,
        "title" : "Untitled",
        "transform" : [
          0.9869621,
          8.311305e-05,
          0.16095307,
          0,
          0.12037798,
          0.663422,
          -0.7384988,
          0,
          -0.10684117,
          0.7482454,
          0.6547623,
          0,
          -0.2897001,
          0.28623968,
          0.44376025,
          1
        ]
      }
    ]
  },
  "sceneViewportBackgroundColors" : {

  },
  "selectedSceneRelativePath" : "scenes\/volume.usda"
}