{
  "advancedEditorSelectedIdentifier" : "ProjectBrowser",
  "openSceneRelativePaths" : [
    "scenes\/volume.usda"
  ],
  "recentIdentifiers" : {

  },
  "sceneCameraHistory" : {
    "23351D64-1CDF-4EB2-8C02-DE1BC17E85B5" : [
      {
        "date" : 743184886.82595,
        "title" : "Untitled",
        "transform" : [
          0.9869621,
          8.310877e-05,
          0.16095306,
          0,
          0.08146134,
          0.8622059,
          -0.4999651,
          0,
          -0.13881621,
          0.506558,
          0.8509577,
          0,
          -0.26902607,
          0.030309116,
          0.3209954,
          1
        ]
      },
      {
        "date" : 743184867.630982,
        "title" : "Untitled",
        "transform" : [
          0.9869621,
          8.310877e-05,
          0.16095306,
          0,
          0.08146134,
          0.8622059,
          -0.4999651,
          0,
          -0.13881621,
          0.506558,
          0.8509577,
          0,
          -0.26902604,
          0.030309081,
          0.32099533,
          1
        ]
      },
      {
        "date" : 743184865.754574,
        "title" : "Untitled",
        "transform" : [
          0.9869621,
          8.310877e-05,
          0.16095306,
          0,
          0.08146134,
          0.8622059,
          -0.4999651,
          0,
          -0.13881621,
          0.506558,
          0.8509577,
          0,
          -0.21121827,
          0.49410722,
          1.1450955,
          1
        ]
      },
      {
        "date" : 743184843.500944,
        "title" : "Untitled",
        "transform" : [
          0.9869621,
          8.311249e-05,
          0.16095306,
          0,
          0.08146133,
          0.8622059,
          -0.4999651,
          0,
          -0.13881621,
          0.506558,
          0.8509577,
          0,
          -0.26892442,
          0.030013002,
          0.32069525,
          1
        ]
      },
      {
        "date" : 743184831.171004,
        "title" : "Untitled",
        "transform" : [
          0.9869621,
          8.311994e-05,
          0.16095306,
          0,
          0.081461325,
          0.8622059,
          -0.4999651,
          0,
          -0.13881621,
          0.506558,
          0.8509577,
          0,
          -0.29950377,
          0.20557636,
          0.50162494,
          1
        ]
      },
      {
        "date" : 743184828.117159,
        "title" : "Untitled",
        "transform" : [
          0.9869621,
          8.311305e-05,
          0.16095307,
          0,
          0.12037798,
          0.663422,
          -0.7384988,
          0,
          -0.10684117,
          0.7482454,
          0.6547623,
          0,
          -0.2897001,
          0.28623968,
          0.44376025,
          1
        ]
      },
      {
        "date" : 743184826.658148,
        "title" : "Untitled",
        "transform" : [
          0.986962,
          8.3101346e-05,
          0.16095304,
          0,
          0.120377965,
          0.663422,
          -0.7384987,
          0,
          -0.10684117,
          0.7482454,
          0.6547624,
          0,
          -0.058839623,
          0.4120734,
          0.9881402,
          1
        ]
      },
      {
        "date" : 743184824.435794,
        "title" : "Untitled",
        "transform" : [
          0.986962,
          8.3101346e-05,
          0.16095304,
          0,
          0.120377965,
          0.663422,
          -0.7384987,
          0,
          -0.10684117,
          0.7482454,
          0.6547624,
          0,
          -0.039951414,
          0.2797929,
          0.87238634,
          1
        ]
      },
      {
        "date" : 743184821.554573,
        "title" : "Untitled",
        "transform" : [
          0.99999994,
          0,
          0,
          0,
          0,
          0.8625938,
          -0.50589716,
          0,
          0,
          0.50589716,
          0.8625938,
          0,
          -4.7919663e-08,
          0.06885935,
          0.74495924,
          1
        ]
      },
      {
        "date" : 743184493.107744,
        "title" : "Untitled",
        "transform" : [
          0.99999994,
          0,
          -0,
          0,
          -0,
          0.8625938,
          -0.50589716,
          0,
          0,
          0.50589716,
          0.8625938,
          0,
          -3.353489e-08,
          -0.1758232,
          0.13937601,
          1
        ]
      }
    ]
  },
  "sceneViewportBackgroundColors" : {

  },
  "selectedSceneRelativePath" : "scenes\/volume.usda"
}